1000000000000000000000000000000000000000
0100000000000000000000000000000000000000
0010000000000000000000000000000000000000
0001000000000000000000000000000000000000
0000100000000000000000000000000000000000
0000030000000000000000000000000000000000
0000003000000000000000000000000000000000
0000000200000000000000000000000000000000
0000000020000000000000000000000000000000
0000000002000000000000000000000000000000
0000000000200000000000000000000000000000
0000000000020000000000000000000000000000
0000000000004000000000000000000000000000
0000000000000400000000000000000000000000
0000000000000040000000000000000000000000
0000000000000004000000000000000000000000
0000000000000000400000000000000000000000
0000000000000000000000000000000000000000
0000000000000000000000000000000000000000
0000000000000000000000000000000000000000
0000000000000000000000000000000000000000
0000000000000000000000000000000000000000
0000000000000000000000000000000000000000
0000000000000000000000000000000000000000
0000000000000000000000000000000000000000
0000000000000000000000000000000000000000
0000000000000000000000000000000000000000
0000000000000000000000000000000000000000
0000000000000000000000000000000000000000
0000000000000000000000000000000000000000
0000000000000000000000000000000000000000
0000000000000000000000000000000000000000
0000000000000000000000000000000000000000
0000000000000000000000000000000000000000
0000000000000000000000000000000000000000
0000000000000000000000000000000000000000
0000000000000000000000000000000000000000
0000000000000000000000000000000000000000
0000000000000000000000000000000000000000
0000000000000000000000000000000000000000
